"","TEseed","output_var","input_var","sobol_type","boot_num"
"1",0.284976291295631,"calcite_flush_9_nondim","dfn_volume","TEseed",2724
